7
0 -579656387 -528467055 3693359 -996215116 915374845 -716522605 
-579656387 0 227114433 170432723 192119501 -839640274 -407663915 
-528467055 227114433 0 371939212 542111820 195890924 -629313110 
3693359 170432723 371939212 0 -634278590 877191546 693272910 
-996215116 192119501 542111820 -634278590 0 -235107559 -770675070 
915374845 -839640274 195890924 877191546 -235107559 0 -587683353 
-716522605 -407663915 -629313110 693272910 -770675070 -587683353 0 
